140
235
97
247
132
226
30
315
292
272
215
137
108
175
163
31
192
312
279
213
229
69
3
23
246
251
318
210
11
199
91
245
258
278
87
124
208
222
193
25
243
239
263
310
305
15
38
75
211
250
42
283
145
288
92
16
115
114
236
285
13
28
187
268
88
209
24
21
194
204
126
233
184
154
63
276
307
2
300
65
76
39
60
32
174
52
36
50
135
303
256
90
261
81
265
77
296
107
249
269
227
219
78
83
84
171
79
73
319
120
281
12
95
131
254
49
308
34
271
48
157
297
273
41
270
43
216
277
230
200
104
133
260
182
284
22
152
224
206
169
160
101
158
253
56
234
164
168
7
314
121
248
238
309
267
47
180
66
313
106
82
27
287
190
262
148
149
57
197
142
291
217
93
196
231
232
17
18
304
136
129
20
111
112
89
151
202
198
189
64
264
159
0
172
143
6
293
244
125
102
80
266
214
61
255
185
144
8
290
286
122
45
119
139
167
4
146
223
138
165
5
103
317
96
275
155
316
162
110
176
51
170
55
294
225
130
298
71
299
237
178
109
173
274
33
58
117
134
295
203
161
301
105
53
98
188
86
179
118
70
280
252
128
116
85
156
113
218
311
150
72
306
127
26
191
195
228
183
19
242
282
302
205
257
141
35
100
10
74
59
241
177
9
40
14
181
37
201
220
94
54
259
153
221
123
99
289
68
212
44
240
147
29
67
166
186
1
62
207
46
